0 0.15078125 0.43515625 0.09453125 0.09921875
0 0.05703125 0.53515625 0.0578125 0.09140625
0 0.1859375 0.5984375 0.0984375 0.10546875
0 0.303125 0.49609375 0.09765625 0.10390625
0 0.2640625 0.34765625 0.096875 0.06796875
0 0.42109375 0.3921875 0.10859375 0.10390625
0 0.54375 0.3078125 0.1 0.05078125
0 0.5984375 0.45546875 0.1109375 0.10703125
0 0.471875 0.5640625 0.10859375 0.11171875
0 0.7234375 0.3453125 0.1109375 0.10546875
0 0.7828125 0.525 0.1140625 0.11328125
0 0.89765625 0.41484375 0.08984375 0.11875