20 0.52109375 0.86328125 0.1203125 0.078125
20 0.87734375 0.903125 0.0515625 0.1
20 0.89765625 0.70390625 0.0296875 0.0328125
20 0.4078125 0.05 0.03828125 0.02734375
20 0.46796875 0.05546875 0.0359375 0.0328125
20 0.521875 0.05859375 0.040625 0.0390625
20 0.41875 0.1921875 0.03984375 0.040625
20 0.48125 0.1671875 0.04375 0.0484375
20 0.540625 0.1140625 0.0328125 0.05625
20 0.59609375 0.03515625 0.034375 0.0625
20 0.67890625 0.053125 0.03203125 0.03671875
20 0.7265625 0.05625 0.03125 0.0296875
20 0.7859375 0.05625 0.03203125 0.02890625
20 0.81875 0.07578125 0.0421875 0.02890625
20 0.86484375 0.0859375 0.028125 0.02890625
20 0.90546875 0.09140625 0.03046875 0.02578125
20 0.9484375 0.0875 0.02734375 0.02890625
20 0.98046875 0.08671875 0.02734375 0.0328125
20 0.57421875 0.065625 0.025 0.021875