24 0.309375 0.19296875 0.1 0.15390625
24 0.203125 0.51328125 0.0859375 0.11953125
24 0.1984375 0.75 0.0875 0.12265625
24 0.371875 0.4734375 0.053125 0.0765625
24 0.509375 0.2125 0.0546875 0.09609375
24 0.49921875 0.44375 0.05546875 0.0953125
24 0.490625 0.6265625 0.0578125 0.0921875
24 0.6234375 0.43125 0.0453125 0.078125
24 0.6234375 0.60390625 0.0484375 0.08046875
24 0.68828125 0.5984375 0.040625 0.0796875
24 0.70546875 0.4515625 0.04375 0.078125
24 0.65390625 0.25 0.04765625 0.08828125
24 0.36328125 0.66328125 0.0546875 0.084375