20 0.93203125 0.9578125 0.09453125 0.08203125
20 0.28984375 0.6625 0.06953125 0.0453125
20 0.86328125 0.2984375 0.03515625 0.04296875
20 0.6765625 0.30625 0.0359375 0.04453125
20 0.55 0.3265625 0.05859375 0.05078125
20 0.43984375 0.33046875 0.05546875 0.04921875
20 0.3171875 0.39296875 0.0421875 0.04453125
20 0.19609375 0.4046875 0.040625 0.05703125
20 0.74140625 0.30546875 0.040625 0.0453125
20 0.8 0.3 0.0359375 0.0484375
20 0.7125 0.64296875 0.0640625 0.04921875
20 0.28125 0.93515625 0.05625 0.04921875
20 0.1828125 0.08203125 0.0328125 0.0390625
20 0.09296875 0.40859375 0.028125 0.05703125