4 0.26640625 0.46328125 0.0609375 0.13515625
4 0.3125 0.4546875 0.040625 0.09375
4 0.478125 0.4515625 0.0546875 0.134375
4 0.6078125 0.44765625 0.0390625 0.11484375
4 0.6453125 0.46484375 0.0421875 0.10390625
4 0.69375 0.4578125 0.0609375 0.1234375
4 0.78984375 0.44921875 0.06328125 0.140625
4 0.2484375 0.7578125 0.07109375 0.15078125
4 0.296875 0.77890625 0.0375 0.14296875
4 0.36796875 0.78046875 0.0484375 0.14453125
4 0.5015625 0.79765625 0.04765625 0.14453125
4 0.53828125 0.78203125 0.03984375 0.14453125
4 0.7828125 0.7796875 0.05546875 0.14296875
4 0.7359375 0.7875 0.03515625 0.134375
4 0.62421875 0.7984375 0.028125 0.13828125
4 0.36328125 0.446875 0.025 0.10703125
4 0.5296875 0.4640625 0.0328125 0.084375
4 0.4 0.7875 0.0234375 0.125