23 0.77265625 0.215625 0.04609375 0.05859375
23 0.1109375 0.0296875 0.04765625 0.05703125
23 0.72109375 0.634375 0.028125 0.0375
23 0.5859375 0.115625 0.1015625 0.0625
23 0.32265625 0.3296875 0.06328125 0.05625
23 0.17890625 0.3421875 0.0921875 0.05234375
23 0.10234375 0.41484375 0.0390625 0.0484375
23 0.3921875 0.565625 0.04609375 0.0453125
23 0.62578125 0.5734375 0.046875 0.0453125
23 0.346875 0.40703125 0.034375 0.05078125
23 0.025 0.32890625 0.04765625 0.05859375
23 0.2203125 0.57890625 0.025 0.01953125