25 0.6453125 0.22890625 0.028125 0.0421875
25 0.31328125 0.21953125 0.021875 0.03515625
25 0.41953125 0.20390625 0.01875 0.028125
25 0.48515625 0.0171875 0.02734375 0.03203125
25 0.6234375 0.16328125 0.0203125 0.03671875
25 0.73203125 0.1984375 0.01875 0.028125
25 0.78671875 0.246875 0.01875 0.028125
25 0.659375 0.1265625 0.01875 0.028125
25 0.790625 0.18984375 0.01484375 0.021875
25 0.4875 0.21484375 0.01484375 0.021875
25 0.13984375 0.1890625 0.015625 0.0171875
25 0.25703125 0.1125 0.01640625 0.0203125