24 0.1859375 0.77421875 0.2765625 0.321875
24 0.11796875 0.34921875 0.23359375 0.21328125
24 0.45625 0.36015625 0.20390625 0.178125
24 0.22109375 0.053125 0.221875 0.103125
24 0.8234375 0.42265625 0.234375 0.2875
24 0.7921875 0.80390625 0.2546875 0.259375
24 0.7734375 0.06328125 0.178125 0.115625
24 0.4203125 0.6234375 0.04296875 0.04296875
24 0.2546875 0.2359375 0.0359375 0.05859375
24 0.6140625 0.56640625 0.0515625 0.06484375
24 0.0765625 0.6328125 0.04609375 0.05703125
24 0.60703125 0.121875 0.034375 0.05078125