30 0.62578125 0.66171875 0.1703125 0.4765625
30 0.43125 0.66796875 0.11328125 0.39765625
30 0.31953125 0.678125 0.11015625 0.35546875
30 0.21875 0.68046875 0.0953125 0.3171875
30 0.14453125 0.68828125 0.08984375 0.29296875
30 0.078125 0.690625 0.078125 0.2609375
30 0.03046875 0.6859375 0.059375 0.24921875
30 0.73359375 0.69140625 0.0640625 0.38671875
30 0.77421875 0.71640625 0.04609375 0.328125
30 0.14921875 0.0765625 0.0671875 0.15
30 0.096875 0.10234375 0.05859375 0.17109375
30 0.05234375 0.140625 0.04765625 0.153125
30 0.01875 0.171875 0.0359375 0.13515625
30 0.88125 0.06328125 0.0359375 0.06796875
30 0.8390625 0.03515625 0.0390625 0.06640625