23 0.87734375 0.1765625 0.08125 0.14375
23 0.68203125 0.16484375 0.0578125 0.1109375
23 0.55703125 0.1546875 0.04765625 0.090625
23 0.3890625 0.34453125 0.04765625 0.08515625
23 0.3203125 0.54921875 0.053125 0.09921875
23 0.40546875 0.6609375 0.04765625 0.08515625
23 0.259375 0.75625 0.0578125 0.0921875
23 0.1515625 0.334375 0.04765625 0.08515625
23 0.21015625 0.1625 0.04765625 0.08515625
23 0.08046875 0.1625 0.04765625 0.08515625
23 0.06875 0.04921875 0.028125 0.05
23 0.02265625 0.3171875 0.028125 0.05
23 0.04921875 0.4484375 0.028125 0.05
23 0.13046875 0.7734375 0.028125 0.05
23 0.190625 0.4953125 0.028125 0.05
23 0.41796875 0.13984375 0.0328125 0.06796875
23 0.35625 0.1375 0.03515625 0.065625
23 0.25859375 0.31953125 0.0328125 0.07265625
23 0.87265625 0.34453125 0.028125 0.05
23 0.975 0.54453125 0.04765625 0.08515625
23 0.8578125 0.49921875 0.04765625 0.08515625
23 0.5640625 0.475 0.04765625 0.08515625
23 0.67890625 0.55 0.04765625 0.096875
23 0.84609375 0.6453125 0.06953125 0.11640625
23 0.74375 0.771875 0.0546875 0.10625
23 0.6140625 0.665625 0.04765625 0.08515625
23 0.56484375 0.74375 0.04765625 0.08515625
23 0.67109375 0.8546875 0.04765625 0.08515625
23 0.9234375 0.84609375 0.028125 0.05
23 0.9015625 0.94375 0.028125 0.05
23 0.7546875 0.32734375 0.028125 0.05
23 0.87421875 0.3390625 0.028125 0.05
23 0.73984375 0.43515625 0.028125 0.05
23 0.66953125 0.40390625 0.028125 0.05
23 0.9015625 0.93984375 0.0265625 0.046875
23 0.92421875 0.8421875 0.0265625 0.04140625
23 0.565625 0.03125 0.0234375 0.05234375
23 0.98984375 0.38125 0.01875 0.05703125
23 0.6765625 0.30625 0.01484375 0.03671875
23 0.6046875 0.38125 0.01484375 0.02578125
23 0.61015625 0.290625 0.01484375 0.0328125
23 0.55234375 0.3578125 0.01484375 0.03125
23 0.55703125 0.271875 0.01484375 0.02578125
23 0.440625 0.53203125 0.02421875 0.05
23 0.44453125 0.4328125 0.01484375 0.02578125
23 0.19453125 0.60625 0.03046875 0.0484375
23 0.32734375 0.0265625 0.025 0.046875
23 0.4125 0.025 0.025 0.04375