20 0.2078125 0.8390625 0.14140625 0.1109375
20 0.53515625 0.8703125 0.09375 0.07421875
20 0.9203125 0.8 0.13125 0.1265625
20 0.54140625 0.6921875 0.13359375 0.09296875
20 0.19609375 0.625 0.11640625 0.08515625
20 0.4515625 0.56015625 0.07734375 0.0640625
20 0.71171875 0.609375 0.0828125 0.05625
20 0.128125 0.29140625 0.125 0.0890625
20 0.1890625 0.5015625 0.028125 0.03515625
20 0.27421875 0.271875 0.05078125 0.0484375
20 0.403125 0.40390625 0.11640625 0.08046875
20 0.74921875 0.45390625 0.16484375 0.10234375
20 0.4484375 0.253125 0.1234375 0.08515625
20 0.7953125 0.26484375 0.1296875 0.0890625
20 0.79140625 0.071875 0.096875 0.06875
20 0.47578125 0.09296875 0.11015625 0.06953125
20 0.33046875 0.1875 0.05546875 0.08671875
20 0.28203125 0.18203125 0.059375 0.08046875
20 0.21171875 0.1921875 0.0328125 0.04453125
20 0.075 0.046875 0.0703125 0.0484375
20 0.9578125 0.45625 0.0828125 0.06953125
20 0.03984375 0.1359375 0.07734375 0.09140625