24 0.18046875 0.8265625 0.06640625 0.08671875
24 0.425 0.87578125 0.06640625 0.07578125
24 0.8546875 0.796875 0.0453125 0.0578125
24 0.83046875 0.64609375 0.065625 0.09140625
24 0.64140625 0.67890625 0.03828125 0.0515625
24 0.28828125 0.48515625 0.0640625 0.0796875
24 0.43984375 0.32265625 0.07734375 0.103125
24 0.30078125 0.36484375 0.04296875 0.04765625
24 0.18515625 0.01875 0.06171875 0.03515625
24 0.6125 0.02421875 0.0640625 0.0453125
24 0.26640625 0.62890625 0.06875 0.053125
24 0.58125 0.384375 0.0515625 0.0796875